sensitivity_profile,state,phase,instrument,wedge,attempt,last_solver_valid,last_solver_elapsed_seconds,completed_solver_attempts,started_unix_seconds,updated_unix_seconds,profile_elapsed_seconds,error_message
sensitivity_512,completed,profile_complete,,,,,,21,1.788605761891924e9,1.788605930906032e9,169.01339864,
