sensitivity_profile,state,phase,instrument,wedge,attempt,last_solver_valid,last_solver_elapsed_seconds,completed_solver_attempts,started_unix_seconds,updated_unix_seconds,profile_elapsed_seconds,error_message
sensitivity_295,completed,profile_complete,,,,,,20,1.788599271719241e9,1.788599402933151e9,131.213088886,
